RIGETTI
19
(0, 0, 277972, "measure")
(1, 1, 186345, "measure")
(2, 2, 132283, "measure")
(4, 4, 209071, "measure")
(5, 5, 154727, "measure")
(6, 6, 757207, "measure")
(7, 7, 338583, "measure")
(8, 8, 236500, "measure")
(9, 9, 329203, "measure")
(10, 10, 259491, "measure")
(11, 11, 457575, "measure")
(12, 12, 259491, "measure")
(13, 13, 357404, "measure")
(14, 14, 236500, "measure")
(15, 15, 132283, "measure")
(16, 16, 231917, "measure")
(17, 17, 357404, "measure")
(18, 18, 315171, "measure")
(19, 19, 315171, "measure")
(0, 0, 81097, "X")
(1, 1, 40578, "X")
(2, 2, 81982, "X")
(4, 4, 49355, "X")
(5, 5, 156978, "X")
(6, 6, 41455, "X")
(7, 7, 36635, "X")
(8, 8, 57269, "X")
(9, 9, 28758, "X")
(10, 10, 36635, "X")
(11, 11, 43209, "X")
(12, 12, 42771, "X")
(13, 13, 29196, "X")
(14, 14, 36635, "X")
(15, 15, 64756, "X")
(16, 16, 41017, "X")
(17, 17, 43842, "X")
(18, 18, 224583, "X")
(19, 19, 25262, "X")
(0, 0, 81097, "H")
(1, 1, 40578, "H")
(2, 2, 81982, "H")
(4, 4, 49355, "H")
(5, 5, 156978, "H")
(6, 6, 41455, "H")
(7, 7, 36635, "H")
(8, 8, 57269, "H")
(9, 9, 28758, "H")
(10, 10, 36635, "H")
(11, 11, 43209, "H")
(12, 12, 42771, "H")
(13, 13, 29196, "H")
(14, 14, 36635, "H")
(15, 15, 64756, "H")
(16, 16, 41017, "H")
(17, 17, 43842, "H")
(18, 18, 224583, "H")
(19, 19, 25262, "H")
(0, 5, 287242, "CNOT")
(5, 0, 287242, "CNOT")
(0, 6, 510982, "CNOT")
(6, 0, 510982, "CNOT")
(1, 6, 515870, "CNOT")
(6, 1, 515870, "CNOT")
(1, 7, 366845, "CNOT")
(7, 1, 366845, "CNOT")
(2, 7, 877779, "CNOT")
(7, 2, 877779, "CNOT")
(2, 8, 428718, "CNOT")
(8, 2, 428718, "CNOT")
(4, 9, 685421, "CNOT")
(9, 4, 685421, "CNOT")
(5, 10, 604807, "CNOT")
(10, 5, 604807, "CNOT")
(6, 11, 767560, "CNOT")
(11, 6, 767560, "CNOT")
(7, 12, 604807, "CNOT")
(12, 7, 604807, "CNOT")
(8, 13, 550241, "CNOT")
(13, 8, 550241, "CNOT")
(9, 14, 594835, "CNOT")
(14, 9, 594835, "CNOT")
(10, 15, 685421, "CNOT")
(15, 10, 685421, "CNOT")
(10, 16, 767560, "CNOT")
(16, 10, 767560, "CNOT")
(11, 16, 501223, "CNOT")
(16, 11, 501223, "CNOT")
(11, 17, 736576, "CNOT")
(17, 11, 736576, "CNOT")
(12, 17, 574959, "CNOT")
(17, 12, 574959, "CNOT")
(12, 18, 525663, "CNOT")
(18, 12, 525663, "CNOT")
(13, 18, 287242, "CNOT")
(18, 13, 287242, "CNOT")
(13, 19, 357404, "CNOT")
(19, 13, 357404, "CNOT")
(14, 19, 985417, "CNOT")
(19, 14, 985417, "CNOT")


