RIGETTI
7
(0, 0, 277972, "measure")
(1, 1, 186345, "measure")
(2, 2, 132283, "measure")
(4, 4, 209071, "measure")
(5, 5, 154727, "measure")
(6, 6, 757207, "measure")
(0, 0, 81097, "X")
(1, 1, 40578, "X")
(2, 2, 81982, "X")
(4, 4, 49355, "X")
(5, 5, 156978, "X")
(6, 6, 41455, "X")
(0, 0, 81097, "H")
(1, 1, 40578, "H")
(2, 2, 81982, "H")
(4, 4, 49355, "H")
(5, 5, 156978, "H")
(6, 6, 41455, "H")
(0, 5, 287242, "CNOT")
(5, 0, 287242, "CNOT")
(0, 6, 510982, "CNOT")
(6, 0, 510982, "CNOT")
(1, 6, 515870, "CNOT")
(6, 1, 515870, "CNOT")
